1.278356845306310215e-03
4.793450879030084931e-04
3.703141964700383234e-04
3.163337128644343340e-04
2.764178982567197583e-04
2.518943695079845510e-04
2.288091222920532583e-04
2.183853532284653343e-04
2.023443483776645791e-04
1.915252448088722369e-04
1.769417906956126212e-04
1.745924164376143979e-04
1.640549660878605194e-04
1.583688843165873634e-04
1.526006708105948388e-04
1.477701434729776150e-04
1.458519461108759600e-04
1.350221619456230316e-04
1.369091582722224492e-04
1.283707844098292653e-04
1.266452895045707251e-04
1.267237374922842823e-04
1.252505384036339950e-04
1.217984061974372465e-04
1.189712724032384987e-04
1.186512635152515299e-04
1.144287551821131829e-04
1.128910103919527746e-04
1.094967830528427520e-04
1.088708273285495469e-04
1.065998310174715388e-04
1.032730152655858590e-04
1.021307224824947015e-04
1.056331690876201361e-04
1.007846433276426930e-04
9.742842465493594718e-05
9.943271747276109969e-05
1.003529642451515700e-04
9.454569549173660013e-05
9.249082106786470287e-05
9.419812920774954285e-05
9.318103707725337804e-05
9.261616319903017238e-05
9.051279420721887415e-05
8.653736460837535376e-05
8.909594750972852761e-05
8.659726372570731288e-05
8.675150185445090994e-05
8.405091475530450038e-05
8.612596174983385832e-05
8.500728610670193650e-05
8.306974539057894523e-05
8.204864858756384877e-05
8.293545772903599398e-05
8.041583127245151687e-05
7.911600560570756829e-05
7.909446234528634946e-05
7.746591774048284282e-05
7.943206953738505399e-05
7.582431869741413266e-05
7.549152617017776715e-05
7.828897750005125956e-05
7.635540111853818864e-05
7.513701592688448142e-05
7.436505972994685628e-05
7.421776147748459455e-05
7.149730784294660603e-05
7.278175785783484405e-05
7.275079497170129444e-05
7.229757878788708645e-05
7.072661155446742661e-05
6.987882819157675775e-05
6.952566150721395139e-05
7.133833440214705957e-05
7.109439451839231398e-05
6.917064861166485564e-05
7.037274997492204605e-05
6.822774047395797014e-05
6.759978200716432011e-05
6.683338755101431291e-05
6.789321187170572190e-05
6.490070817623442927e-05
6.580527710684692000e-05
6.643681747179167355e-05
6.589549601873538143e-05
6.538938596713705573e-05
6.606517288188721703e-05
6.404466554643779787e-05
6.545150708916480111e-05
6.379570494391373044e-05
6.393214216708050033e-05
6.290783803706290742e-05
6.288881556126095225e-05
6.235454402606895117e-05
6.230209914914061294e-05
6.131836007625680028e-05
6.077283947888645018e-05
6.283718920167302745e-05
6.022880973250721457e-05
6.019493014052083201e-05
